[72.9754293148,19.185855068],[72.9754036662,19.1859442061],[72.9754205976,19.1859456311],[72.9754460786,19.1858588679],[72.9754293148,19.185855068]

platform = [72.9751973173,19.1857907682],[72.9751731775,19.1858768981],[72.977015855,19.1863784773],[72.9770507238,19.1862999473],[72.9751973173,19.1857907682]

br1 = [72.9755492015,19.1854529549],[72.9753265782,19.1862230576],[72.975343342,19.1862255909],[72.9755706592,19.1854580213],[72.9755492015,19.1854529549]

br2 = [72.9763877732,19.1856730171],[72.9761391379,19.1864384714],[72.9761597854,19.1864418522],[72.9764078898,19.1856793502],[72.9763877732,19.1856730171]

br3 = [72.9768848334,19.1858088696],[72.9766318607,19.1865688638],[72.9766557037,19.1865730829],[72.9769022678,19.1858152027],[72.9768848334,19.1858088696]

[72.9757505046,19.1860953132],[72.9757505046,19.1860953132],[72.9757505046,19.1860953132],[72.9757505046,19.1860953132]

str1 = [72.9752691913,19.185848816],[72.9752638269,19.1858646487],[72.9755823392,19.1859571117],[72.9755883742,19.1859393791],[72.9752691913,19.185848816]

str2 = [72.976085924,19.18607934],[72.9760805596,19.1860977059],[72.9764131535,19.1861863689],[72.9764185179,19.1861705362],[72.976085924,19.18607934]

str3 =[72.9765787799,19.1862186676],[72.9765747566,19.1862351335],[72.9769221026,19.186335196],[72.9769247848,19.1863193633],[72.9765787799,19.1862186676]

plat1 = [72.9751973173,19.1857907682],[72.9751731775,19.1858768981],[72.975744488,19.1859440287],[72.9757109604,19.186028892]

plat2 = [72.9757109604,19.186028892],[72.975744488,19.1859440287],[72.9764713666,19.1861428873],[72.9764405212,19.1862277504]

plat3 = [72.9764405212,19.1862277504],[72.9764713666,19.1861428873],[72.977015855,19.1863784773],[72.9770507238,19.1862999473]

bre1 = [72.9754177733,19.1858988043],[72.9754372193,19.185904504]

bre2 = [72.9762402517,19.1861302654],[72.9762617094,19.1861378651]

bre3 = [72.9767303855,19.1862775021],[72.9767525137,19.1862844684]